0.0238 0.5197
0.1561 1.1197
0.2320 1.0142
0.2690 0.9470
0.3009 0.3945
0.3449 0.8887
0.4932 1.2394
0.4901 1.3087
0.5693 1.1312
0.6650 0.8557
0.7032 0.9329
0.8302 1.5263
0.8638 1.6872
0.9298 1.4226
1.0397 2.0903
1.1085 2.1295
1.1089 2.4538
1.1544 2.4584
1.2874 3.1786
1.3152 2.5020
1.3574 3.4009
1.4334 3.8544
1.5334 3.9765
1.5714 3.6090
1.6478 4.0677
1.7694 5.1936
1.8083 5.4951
1.8419 5.7421
1.9198 6.4991
2.0591 7.6476
2.0347 7.5167
2.1659 8.1405
2.2340 9.0200
2.3053 9.4689
2.3629 10.3661
2.4513 11.1125
2.5229 11.9153
2.5732 12.2709
2.5942 12.7583
2.7167 14.4490
2.7403 14.5259
2.8638 15.5956
2.9045 16.1035
2.9238 16.9563
3.0741 18.7821
3.0971 19.0833
3.2129 21.4439
3.1905 21.0642
3.2650 22.1939
3.3976 23.9632
3.3940 24.1848
3.5028 26.0584
3.6070 27.6167
3.6351 28.5035
3.6800 29.7740
3.8132 31.4848
3.8073 31.5508
3.8932 33.4284
3.9539 35.1955
4.0464 36.8740
