0.0710 -0.1929
0.2212 0.6797
0.4658 0.9298
0.7161 0.7710
0.9284 1.6047
1.0933 1.9310
1.2969 2.4386
1.5381 2.5159
1.7374 2.6265
1.9904 2.5026
2.1488 2.0993
2.3760 2.9106
2.6403 2.1064
2.8304 2.6206
3.0704 2.5943
3.2925 2.0966
3.4915 2.0132
3.6389 2.5088
3.8956 2.4174
4.0944 2.2619
4.3002 2.0637
4.5470 2.7851
4.7684 2.4406
4.9671 2.5175
5.1257 2.9614
5.3950 3.3416
5.5436 3.4412
5.7700 3.6920
6.0562 4.8991
6.2172 4.8086
6.4045 4.9904
6.6709 5.7386
6.8320 5.7423
7.0935 6.7512
7.2668 6.6294
7.4588 7.0131
7.7635 7.6798
7.8872 7.1640
8.1449 7.1985
8.3407 8.0352
8.5856 7.6996
8.8170 8.1063
9.0059 8.0801
9.2173 7.7849
9.3832 7.0675
9.6556 7.6085
9.8180 7.2208
10.0595 7.0841
10.2271 7.3290
10.4680 7.2105
10.7358 7.8887
10.9183 8.1718
11.1301 7.4395
11.3252 7.8701
11.5842 8.2019
11.7420 8.3019
11.9400 9.4172
12.1967 9.1436
12.3801 9.5751
12.6439 9.7415
