0.0063 0.7771
0.0996 0.9920
0.2186 1.0570
0.2772 0.8802
0.2991 1.3136
0.4118 1.5764
0.4387 1.4833
0.4898 0.8811
0.6409 2.0376
0.6363 1.5556
0.7388 2.1883
0.8375 1.6267
0.8779 2.5845
0.9240 2.0862
0.9889 2.3781
1.0218 2.7415
1.0929 2.3719
1.1976 2.8514
1.3126 3.6703
1.3115 3.4681
1.4428 3.7623
1.5044 3.9614
1.5089 4.8703
1.5906 5.0652
1.6700 5.1671
1.7808 6.4144
1.8261 6.7980
1.9130 6.5322
1.9480 6.9767
2.0243 7.8580
2.0793 8.7193
2.1275 8.4665
2.2313 10.1788
2.2948 10.8162
2.3918 11.3650
2.4653 12.1695
2.4981 12.5586
2.5779 13.5411
2.6155 14.9974
2.7117 15.7073
2.8117 18.2595
2.8737 18.8117
2.8616 18.2974
3.0091 22.1147
2.9869 21.6103
3.0534 22.7685
3.1364 25.0959
3.2169 27.1958
3.3527 30.8888
3.4164 32.7882
3.4662 34.3597
3.5199 37.0706
3.6223 40.2455
3.6505 42.0699
3.6823 42.7908
3.7422 46.0778
3.8730 51.9546
3.9171 54.3933
4.0139 60.3766
4.0794 64.1010
