86.0 48.0 60.0
71.0 65.0 80.0
29.0 47.0 100.0
37.0 49.0 60.0
64.0 31.0 40.0
 5.0 59.0  0.0
71.0 55.0 60.0
 8.0 53.0 60.0
18.0 36.0 20.0
81.0 43.0 60.0
20.0 55.0 40.0
 7.0 43.0  0.0
36.0 54.0 60.0
94.0 60.0 20.0
52.0 57.0 20.0
29.0 79.0 60.0
89.0 59.0 40.0
19.0 63.0 60.0
51.0 51.0  0.0
67.0 48.0 20.0
63.0 47.0 20.0
70.0 52.0 60.0
84.0 63.0 40.0
54.0 65.0 20.0
98.0 47.0  0.0
93.0 75.0 40.0
35.0 66.0 60.0
98.0 51.0  0.0
15.0 51.0  0.0
29.0 44.0  0.0
81.0 49.0 60.0
32.0 62.0 20.0
56.0 42.0 20.0
76.0 37.0 40.0
50.0 62.0 20.0
40.0 37.0 80.0
69.0 56.0 40.0
82.0 48.0 20.0
94.0 49.0 80.0
19.0 43.0 20.0
14.0 56.0 60.0
58.0 62.0 40.0
58.0 63.0 20.0
25.0 56.0 40.0
40.0 49.0 60.0
67.0 75.0 40.0
98.0 44.0 60.0
12.0 58.0 20.0
59.0 65.0 60.0
 6.0 61.0 20.0
